[llcc.jpg]
filters=crop64=1,14c400b6f0ecffff;Boost=1,30.994152;
crop=rect64(14c400b6f0ecffff)
moddate=77fd705fc842d401
width=900
height=360
text=1;178;44;      Shahpura House,&#010;Lake Land Country Club;Lucida Calligraphy;0.308054,0.042367,0.044321,0.000000;v1,4294967295,4294967295,128.000000,1.000000,0.000000,1.000000,400,0,49152;;
textactive=1
[llcc - Copy.jpg]
filters=Boost=1,33.918129;
moddate=98127dcdc842d401
width=774
height=359
textactive=0
[llcc - Copy.1.jpg]
moddate=42a34cbfc942d401
width=530
height=309
text=1;169;44;      Sahapura House,&#010;Lake Land Country Club;Lucida Calligraphy;0.288679,0.016191,0.055556,0.000000;v1,4294967295,0,128.000000,1.000000,0.500000,1.000000,400,2,49152;;
textactive=1
[llcc2.jpg]
filters=Boost=1,38.596489;
moddate=40e491bfca42d401
width=900
height=360
textactive=0
